1	230058	37.5
2	244826	22.5
3	244826	15
4	244826	37.5
5	244826	15
6	244826	15
7		
8	230003	15
9	244826	22.5
10	244826	37.5
11	244826	37.5
12		
13	244826	22.5
14	5550 (Study Leave)	15
15	5550 (Study Leave)	15
16	5550 (Study Leave)	15
17	5550 (Study Leave)	15
18	244826	22.5
19	244826	30
20	5550 Study leave	Depends on number of exams
21		
22	230090	30
23	229878	11.5
24	229934	7.5
25	230002	5
26	229922	37.5
27	229925	37.5
28	229927	22.5
29	229928	22.5
30	229967	15
31	229995	15
32	229979	1
33	229971	37.5
34	229970	22.5
35	229962	7.5
36	229964	22.5
37	229937	37.5
38	229938	15
39	193098	7.5
40		
41	230009	7.5
42	230057	7.5
43	TBA	2
44		
45		15
46	TBA	depends on the module completed
47	TBA	depends on the module completed
48	TBA	depends on the module completed
49	TBA	1
50	TBA	1
51	TBA	2
52	TBA	3
53	TBA	3
54	TBA	3
55	TBA	3
56	TBA	3
57	TBA	1
58	TBA	2
59		
60	230812	15
61	TBA	37.5
62	230812	15
63	230812	15
64		
65		
66		
67	N/A	N/A
68	230812	7.5
69	230812	22.5
70	230812	15
71		
72		
73		
74		
75	229935	15
76	230019	15
77		11.5
78	230062	45
79	230063	37.5
80	230063	22.5
81	229928	22.5
82	230018	15
83	229969	37.5
84	TBA	22.5
85	230005	15
86	229963	7.5
87	230062	45
88	244826	7.5
89	244826	22.5
		
		
		
		
		
		
		
		
		
		
		
		
		
		
		
		
		
		
		
		
		
		
		
		
		
		
		
		
		
		
		
		
		
		
		
		
		
		
		
		
		
		
		
		
		
		
		
		
		
		
		
		
		
		
		
		
		
		
		
		
		
		
		
		
		
		
		
		
		
		
		
		
		
		
		
		
		
		
		
		
		
		
		
		
		
		
		
		
		
		
		
		
		
		
		
		
		
		
		
		
		
		
		
		
		
		
		
		
		
		
		
		
		
		
		
		
		
		
		
		
		
		
		
		
		
		
		
		
		
		
		
		
		
		
		
		
		
		
		
		
		
		
		
		
		
		
		
		
		
		
		
		
		
		
		
		
		
		
		
		
		
		
		
		
		
		
		
		
		
		
		
		
		
		
		
		
		
		
		
		
		
		
		
		
		
		
		
		
		
		
		
		
		
		
		
		
		
		
		
		
		
		
		
		
		
		
		
		
		
		
		
		
		
		
		
		
		
		
		
		
		
		
		
		
		
		
		
		
		
		
		
		
		
		
		
		
		
		
		
		
		
		
		
		
		
		
		
		
		
		
		
		
		
		
		
		
		
		
		
		
		
		
		
		
		
		
		
		
		
		
		
		
		
		
		
		
		
		
		
		
		
		
		
		
		
		
		
		
		
		
		
		
		
		
		
		
		
		
		
		
		
		
		
		
		
		
		
		
		
		
		
		
		
		
		
		
		
		
		
		
		
		
		
		
		
		
		
		
		
		
		
		
		
		
		
		
		
		
		
		
		
		
		
		
		
		
		
		
		
		
		
		
		
		
		
		
		
		
		
		
		
		
		
		
		
		
		
		
		
		
		
		
		
		
		
		
		
		
		
		
		
		
		
		
		
		
		
		
		
		
		
		
		
		
		
		
		
		
		
		
		
		
		
		
		
		
		
		
		
		
		
		
		
		
		
		
		
		
		
		
		
		
		
		
		
		
		
		
		
		
		
		
		
		
		
		
		
		
		
		
		
		
		
		
		
		
		
		
		
		
		
		
		
		
		
		
		
		
		
		
		
		
		
		
		
		
		
		
		
		
		
		
		
		
		
		
		
		
		
		
		
		
		
		
		
		
		
		
		
		
		
		
		
		
		
		
		
		
		
		
		
		
		
		
		
		
		
		
		
		
		
		
		
		
		
		
		
		
		
		
		
		
		
		
		
		
		
		
		
		
		
		
		
		
		
		
		
		
		
		
		
		
		
		
		
		
		
		
		
		
		
		
		
		
		
		
		
		
		
		
		
		
		
		
		
		
		
		
		
		
		
		
		
		
		
		
		
		
		
		
		
		
		
		
		
		
		
		
		
		
		
		
		
		
		
		
		
		
		
		
		
		
		
		
		
		
